0.01067537253645244
0.010690088847417564
0.010694033530572035
0.010759625390218526
0.010794400404790037
0.010850527574864505
0.21378332756232682
0.21455199333362676
0.21536666666666696
0.21616143416963243
0.21694667640613566
0.21860339650966523
0.21940546967895375
0.22020881558641986
0.22095212479827864
0.22179379091450147
0.22259946682762577
0.22346938775510103
0.2242766937529112
0.2250840159630338
0.22599765570888178
0.22684634515570945
0.31729766803840775
0.31819447538427265
0.3190683475606315
0.319889233241507
0.3207855020103728
0.321612426035502
0.323333740234375
0.3599262198524394
0.36022927689594325
0.36305599999999977
0.36373244016649314
0.36438297309802403
0.36503963988175264
0.3657195546752279
0.37722222222222224
0.3782497845446719
0.37873475052962136
0.37916171224732426
0.37958412098298805
0.3959872268390276
0.39689873913383955
0.3977997448979586
0.3987298108919734
0.40604747075162045
0.4075683465804874
0.40880911188004576
0.40949903071115124
0.41133489212456126
0.4123263888888889
0.414549858223062
0.41480497524453536
0.4151543209876538
0.4178719008264462
0.41894569956401123
0.42086505190311413
0.42183956916099746
0.42259399041950946
0.42394452065233956
0.43378464989585
0.4341372912801483
0.43416724376731297
0.43520000000000003
0.43613038714390073
0.4395759054231563
0.4394961317198966
0.4392984667086749
0.44158935546875
0.4447716173513355
0.4475223145583258
0.4461591220850481
0.43939999999999996
0.4360937499999998
0.42889030612244916
0.433125
0.42000000000000004
