0.004377990302875063
0.004376930309304871
0.004375839828003064
0.004376066716817734
0.00437694771468164
0.004377810768926106
0.00437797492620556
0.004378799262345532
0.004380975615104675
0.004382454779722131
0.00438322976567572
0.004384027777777823
0.004384742517439997
0.004385437523070341
0.004386814025459377
0.004386767487951057
0.004386695854812985
0.00438718722362345
0.004386327839664181
0.004387584781307645
0.0043881068658432444
0.004387886579365211
0.004387639409505025
0.004386639540991899
0.004387791354587691
0.004386733873913804
0.00438930850065684
0.004390403925987521
0.004392219033786086
0.004392539422504443
0.004393579072532764
0.004393853973708399
0.0043948527915136084
0.004395081233536353
0.0043952847704476165
0.004395463137996307
0.004397133630370544
0.004398027588181368
0.004399665020294459
0.00439975340524675
0.004400584795321686
0.004400622681545956
0.004401408450704365
0.004401394760007618
0.004402914257888357
0.00440598324066054
0.004406688546853685
0.0044073710678330215
0.004410405136713108
0.004411049786954446
0.004413265306122469
0.004412268265910306
0.004412038642874666
0.004412584730329343
0.004413106205682979
0.004416037659280936
0.004417332429720253
0.24204977616747825
0.24220637077294777
0.24236333213657574
0.24251818181817833
0.24267504089236439
0.2428281008577966
0.242984001149697
0.2431368997303062
0.2432901270936754
0.24344452854671275
0.24359841817337483
0.24374923407905463
0.24390035567734356
0.2440526406035677
0.24420179608358594
0.24435210265197965
0.24450270313383288
0.2446535976832217
0.2448012926893274
0.24494662570663392
0.24509748705511547
0.24524598620612026
0.24539652646997367
0.2455455678177357
0.24569219664023229
0.24584086604683703
0.2459825945436077
0.2461245283291636
0.24626575963718111
0.24640718780956114
0.24654789802909313
0.2466869614362783
0.3249306479124393
0.32503051035502856
0.32507768385178254
0.32522756267560654
0.3252724821224659
0.3253162409275117
0.3253588245090762
0.3253992681508867
0.3254375457763672
0.3254745884092048
0.32550845828527425
0.32554104700846354
0.325574276148549
0.32560912510844425
0.32563584808386414
0.32565826879718046
0.32568027210884076
0.3256979000747026
0.32571606006253884
0.3257337620168829
0.3257490000000005
0.3578128200288337
0.3580789019531958
0.35834524248104094
0.3586108220603538
0.35887562493623293
0.3594018078659096
0.3596652125057861
0.3601884631403614
0.3604514032644552
0.36096939313316706
0.3612254229538168
0.36148262302051004
0.36173673246362736
0.36199199276433847
0.3928231693669176
0.39299514611365016
0.39316189236111365
0.39333096525904115
0.3934969188214493
0.39366080807281656
0.39382260257043916
0.3939822714681454
0.3941408962238971
0.3942984592967416
0.3944549429043398
0.4110004462655685
0.41107854232684815
0.41115470469765425
0.41122662356636647
0.41129653490089213
0.41136325959218434
0.41142675453810024
0.41148813726218775
0.4226287382970497
0.42274554449878743
0.42286056436775443
0.4229714083175829
0.42308157831033677
0.4231910623367191
0.4232938630302251
0.42339229378270166
0.42349112426035274
0.42358671815870613
0.42368024794234105
0.4237704597071014
0.42385730650292053
0.4239419753086404
0.433548196685532
0.43379802711589754
0.4339746425626938
0.43414720363590464
0.43431691826962254
0.4344850164841578
0.4346501914375217
0.4348123981262993
0.4349767561983507
0.4351381011929132
0.4352976897896247
0.44487194256659707
0.44500278806497556
0.44525924313534027
0.44538079567334576
0.44550406164266076
0.452600384364859
0.4526730665224457
0.45274286707853045
0.4528070137129888
0.454447729105078
0.45447607397121026
0.45450103806228614
0.4545197912958321
0.4545350390378302
0.45690376451562376
0.45689202836815473
0.4569685374149628
0.45708517433208934
0.4571537014992301
0.4572593990419489
0.45731959905715386
0.45737795261741754
0.4575312314098775
0.45757587532355865
0.45760945309496315
0.4576378366304644
0.4576609478511958
0.45767870751409695
0.4576910351926276
0.45770092790424427
0.4577021608376025
0.45966132051417624
0.45997756769748577
0.460041485222499
0.4600947521865896
0.46014547262249644
0.4601923076923068
0.4602351953793582
0.46027241205229025
0.4603005294820721
0.4603261161373458
0.46034407151290363
0.4603593614366328
0.4603578096045113
0.46034799168974955
0.4603299197304379
0.4617766859830348
0.4618729487324574
0.46188622222222203
0.4619698876147449
0.4623837700760767
0.462424834406766
0.46246000260894143
0.46248456790123305
0.4625022307399833
0.46251482475578437
0.4625222638074833
0.4625185424820101
0.4625114064669686
0.46394913658271875
0.46395725830397494
0.46384902827995983
0.4641423305227381
0.4642290923503764
0.46431122258302865
0.46438863643957207
0.46446124763705116
0.4645289683612767
0.46462586778837894
0.4646674865197229
0.46470371972318264
0.4647344697661876
0.4647596372676034
0.46476811453829997
0.46477288832199737
0.46476943640009055
0.4647620925813058
0.46474853231609886
0.4646996765318261
0.4647242562822059
0.46461194873908723
0.46462568959530703
0.4646330101610047
0.46463378906249986
0.4643704758514305
0.46448616266456905
0.4645965189873414
0.4647014361300073
0.46480080327802353
0.4648945074462325
0.46498243343195167
0.4650390218522369
0.4651003864643215
0.46515538033395154
0.46520387484217296
0.4652457388184031
0.4652781510346681
0.4653063322368419
0.46528184015629065
0.4652527777777776
0.4652157134707649
0.4651676726273585
0.46511693818091215
0.464958823049771
0.46485339096137257
0.46475029726515976
0.46464362256198993
0.46462070794753046
0.46458619140696167
0.4645459435669224
0.46428660615065864
0.46420263065238204
0.46410886386950534
0.4640082908163251
0.4632330578512396
0.4630341254195749
0.4628969931167731
0.4627487024221453
0.4618163844954326
0.46063767127534294
0.46050945960724227
0.45999199999999973
0.4597869389203407
0.45956767039542146
0.4593215755052536
0.4591636922466788
0.45803385416666736
0.4559629533293693
0.45226138300462576
0.4514152892561972
